//----------------------------------------------------------------------------------------------------------------------------------------------------------------------------------------------------------------------------------------------------------------------//
//Swords																													    			//
//Index Slot    Skill	X	Y       Serial  Option  Drop    Name				Level   MinDmg	MaxDmg	AtSpeed Dur     MagDur  MagPowerLvlReq  StrReq  AgiReq  EneReq  VitReq  CmdReq SetAttr  DW/SM   DK/BK   ELF/ME    MG	DL	Zen     Res	//
//----------------------------------------------------------------------------------------------------------------------------------------------------------------------------------------------------------------------------------------------------------------------//
0																												
0	0	0	1	2	1	1	1	"Kris"	        		6	6	11	50	20	0	0	0	40	40	0	0	0	1	1	1	1	1	1	1	1
1	0	0	1	3	1	1	1	"Short Sword"			3	3	7	20	22	0	0	0	60	0	0	0	0	1	1	1	1	1	1	1	1
2	0	0	1	3	1	1	1	"Rapier"			9	9	15	40	23	0	0	0	50	40	0	0	0	1	0	1	1	1	1	1	0
3	0	20	1	3	1	1	1	"Katana"			16	16	26	35	27	0	0	0	80	40	0	0	0	1	0	1	0	1	1	0	0
4	0	21	1	3	1	1	1	"Sword of Assasin"		12	12	18	30	24	0	0	0	60	40	0	0	0	1	0	1	0	1	1	0	0
5	0	22	1	3	1	1	1	"Blade"				36	36	47	30	39	0	0	0	80	50	0	0	0	1	1	1	1	1	1	0	0
6	0	20	1	3	1	1	1	"Gladius"			20	20	30	20	30	0	0	0	110	0	0	0	0	1	0	1	1	1	1	0	0
7	0	21	1	3	1	1	1	"Falchion"			24	24	34	25	34	0	0	0	120	0	0	0	0	1	0	1	0	1	1	0	0
8	0	21	1	3	1	1	1	"Serpent Sword"			30	30	40	20	36	0	0	0	130	0	0	0	0	1	0	1	0	1	1	0	0
9	0	20	2	3	1	1	1	"Sword of Salamander"		32	32	46	30	40	0	0	0	103	0	0	0	0	1	0	1	0	1	0	0	0
10	0	22	2	4	1	1	1	"Light Saber"			40	47	61	25	50	0	0	0	80	60	0	0	0	1	0	1	1	1	0	0	0
11	0	20	2	3	1	1	1	"Legendary Sword"		44	56	72	20	54	0	0	0	120	0	0	0	0	1	0	1	0	1	0	0	0
13	0	22	2	3	1	1	1	"Heliacal Sword"		48	48	56	30	43	0	0	0	70	70	0	0	0	1	0	1	1	1	0	0	0
12	0	19	1	3	1	1	1	"Double Blade"			56	73	98	25	66	0	0	0	140	0	0	0	0	1	0	1	0	1	0	0	0
14	0	22	1	3	1	1	1	"Lightning Sword"		59	59	67	30	50	0	0	0	90	50	0	0	0	1	0	1	1	1	0	0	0
15	0	23	2	3	1	1	1	"Giant Sword"			52	60	85	20	60	0	0	0	140	0	0	0	0	1	0	1	0	1	0	0	0
16	0	22	1	4	1	1	1	"Sword of Destruction"		82	82	90	35	84	0	0	0	160	60	0	0	0	1	0	1	0	1	0	0	0
17	0	23	2	4	1	1	1	"Dark Breaker"			104	128	153	40	89	0	0	0	180	50	0	0	0	1	0	2	0	0	0	0	0
18	0	23	2	3	1	1	1	"Thunder Blade"			105	140	168	40	86	0	0	0	180	50	0	0	0	1	0	0	0	1	0	0	0
19	0	22	1	4	1	1	1	"Divine Sword of Archangel"	86	220	230	45	168	0	0	0	140	50	0	0	0	0	0	1	0	1	1	0	0
20	0	22	1	4	1	1	1	"Knight Blade" 			140	107	115	35	90	0	0	0	116	38	0	0	0	1	0	2	0	0	0	0	0
21	0	56	2	4	1	1	1	"Dark Reign Blade"		140	115	142	40	100	0	115	0	116	53	9	0	0	1	0	0	0	1	0	0	0
31	0	56	2	4	1	1	1	"Rune Blade"			100	104	130	35	93	0	104	0	135	62	9	0	0	3	0	0	0	1	0	0	0
end

//----------------------------------------------------------------------------------------------------------------------------------------------------------------------------------------------------------------------------------------------------------------------//
//Axes																													    			        //
//Index Slot    Skill	X	Y       Serial  Option  Drop    Name				Level   MinDmg	MaxDmg	AtSpeed Dur     MagDur  MagPowerLvlReq  StrReq  AgiReq  EneReq  VitReq  CmdReq SetAttr  DW/SM   DK/BK   ELF/ME    MG	DL	Zen     Res	//
//----------------------------------------------------------------------------------------------------------------------------------------------------------------------------------------------------------------------------------------------------------------------//																													
1																												
0	0	0	1	3	1	1	1	"Small Axe"			1	1	6	20	18	0	0	0	50	0	0	0	0	1	1	1	1	1	1	1	1
1	0	0	1	3	1	1	1	"Hand Axe"			4	4	9	30	20	0	0	0	70	0	0	0	0	1	1	1	1	1	1	1	1
2	0	19	1	3	1	1	1	"Double Axe"			14	14	24	20	26	0	0	0	90	0	0	0	0	1	0	1	0	1	1	0	0
3	0	19	1	3	1	1	1	"Tomahawk"			18	18	28	30	28	0	0	0	100	0	0	0	0	1	0	1	0	1	1	0	0
4	0	0	1	3	1	1	1	"Elven Axe"			26	26	38	40	32	0	0	0	50	70	0	0	0	1	1	0	1	1	0	1	0
5	0	19	2	3	1	1	1	"Battle Axe"			30	36	44	20	36	0	0	0	120	0	0	0	0	1	0	1	1	1	0	0	0
6	0	19	2	3	1	1	1	"Nikea Axe"			34	38	50	30	44	0	0	0	130	0	0	0	0	1	0	1	1	1	0	0	0
7	0	19	2	3	1	1	1	"Larkan Axe"			46	54	67	25	55	0	0	0	140	0	0	0	0	1	0	1	0	1	0	0	0
8	0	19	2	3	1	1	1	"Crescent Axe"			54	69	89	30	65	0	0	0	100	40	0	0	0	1	1	1	0	1	0	0	0
end

//----------------------------------------------------------------------------------------------------------------------------------------------------------------------------------------------------------------------------------------------------------------------//
//Maces & Scepters																													    		//
//Index Slot    Skill	X	Y       Serial  Option  Drop    Name				Level   MinDmg	MaxDmg	AtSpeed Dur     MagDur  MagPowerLvlReq  StrReq  AgiReq  EneReq  VitReq  CmdReq SetAttr  DW/SM   DK/BK   ELF/ME    MG	DL	Zen     Res	//
//----------------------------------------------------------------------------------------------------------------------------------------------------------------------------------------------------------------------------------------------------------------------//
2																													
0	0	0	1	3	1	1	1	"Mace"				7	7	13	15	21	0	0	0	100	0	0	0	0	1	0	1	0	1	1	0	1
1	0	19	1	3	1	1	1	"Morning Star"			13	13	22	15	25	0	0	0	100	0	0	0	0	1	0	1	0	1	1	0	1
2	0	0	1	3	1	1	1	"Flail"				22	22	32	15	32	0	0	0	80	50	0	0	0	1	0	1	0	1	1	0	1
3	0	19	2	3	1	1	1	"Warhammer"			38	45	56	15	50	0	0	0	150	0	0	0	0	1	0	1	0	1	0	0	1
4	0	19	2	3	1	1	1	"Crystal Morning Star"		66	78	107	30	72	0	0	0	130	0	0	0	0	1	1	1	1	1	0	0	1
5	0	23	2	4	1	1	1	"Crystal Sword"			72	89	120	40	76	0	0	0	130	70	0	0	0	1	1	1	1	1	0	0	0
6	0	23	2	4	1	1	0	"Chaos Dragon Axe"		75	102	130	35	80	0	0	0	140	50	0	0	0	0	0	1	0	1	0	0	0
7	0	22	1	3	1	1	1	"Mace Infraworld"		90	90	150	40	89	0	0	0	571	176	0	0	0	1	0	1	2	0	0	0	0
8	0	66	1	3	1	1	1	"Battle Scepter"		54	41	52	45	40	0	3	0	80	17	0	0	0	1	0	0	0	0	1	0	0
9	0	66	1	3	1	1	1	"Master Scepter"		72	57	68	45	45	0	20	0	87	18	0	0	0	1	0	0	0	0	1	0	0
10	0	66	1	4	1	1	1	"Great Scepter"			82	74	85	45	65	0	35	0	100	21	0	0	0	1	0	0	0	0	1	0	0
11	0	66	1	4	1	1	1	"Lord Scepter"			98	91	102	40	72	0	52	0	105	23	0	0	0	1	0	0	0	0	1	0	0
12	0	66	1	4	1	1	1	"Great Lord Scepter"		140	108	120	40	84	0	67	0	90	20	0	0	0	1	0	0	0	0	1	0	0
end

//----------------------------------------------------------------------------------------------------------------------------------------------------------------------------------------------------------------------------------------------------------------------//
//Spears																													    			//
//Index Slot    Skill	X	Y       Serial  Option  Drop    Name				Level   MinDmg	MaxDmg	AtSpeed Dur     MagDur  MagPowerLvlReq  StrReq  AgiReq  EneReq  VitReq  CmdReq SetAttr  DW/SM   DK/BK   ELF/ME    MG	DL	Zen     Res	//
//----------------------------------------------------------------------------------------------------------------------------------------------------------------------------------------------------------------------------------------------------------------------//
3																													
0	0	22	2	4	1	1	1	"Light Spear"			42	50	63	25	56	0	0	0	60	70	0	0	0	1	0	1	1	1	0	0	0
1	0	0	2	4	1	1	1	"Spear"				23	30	41	30	42	0	0	0	70	50	0	0	0	1	0	1	1	1	0	0	0
2	0	0	2	4	1	1	1	"Dragon Lance"			15	21	33	30	34	0	0	0	70	50	0	0	0	1	0	1	1	1	0	0	0
3	0	0	2	4	1	1	1	"Great Trident"			29	35	43	25	44	0	0	0	90	30	0	0	0	1	0	1	1	1	0	0	0
4	0	20	2	4	1	1	1	"Serpent Spear"			46	58	80	20	58	0	0	0	90	30	0	0	0	1	0	1	1	1	0	0	0
5	0	0	2	4	1	1	1	"Double Poleaxe"		13	19	31	30	38	0	0	0	70	50	0	0	0	1	0	1	1	1	0	0	0
6	0	0	2	4	1	1	1	"Halberd"			19	25	35	30	40	0	0	0	70	50	0	0	0	1	0	1	1	1	0	0	0
7	0	22	2	4	1	1	1	"Berdysh"			37	42	54	30	54	0	0	0	80	50	0	0	0	1	0	1	1	1	0	0	0
8	0	22	2	4	1	1	1	"Great Scythe"			54	71	92	25	68	0	0	0	90	50	0	0	0	1	0	1	1	1	0	0	0
9	0	22	2	4	1	1	1	"Bill of Balrog"		63	76	102	25	74	0	0	0	80	50	0	0	0	1	0	1	1	1	0	0	0
10	0	22	2	4	1	1	1	"Dragon Spear"			92	112	140	35	85	0	0	0	170	60	0	0	0	1	0	2	0	0	0	0	0
end	
																												
//----------------------------------------------------------------------------------------------------------------------------------------------------------------------------------------------------------------------------------------------------------------------//
//Bows & Crossbows																													    		//
//Index Slot    Skill	X	Y       Serial  Option  Drop    Name				Level   MinDmg	MaxDmg	AtSpeed Dur     MagDur  MagPowerLvlReq  StrReq  AgiReq  EneReq  VitReq  CmdReq SetAttr  DW/SM   DK/BK   ELF/ME    MG	DL	Zen     Res	//
//----------------------------------------------------------------------------------------------------------------------------------------------------------------------------------------------------------------------------------------------------------------------//
4																													
0	1	24	2	3	1	1	1	"Short Bow"			2	3	5	30	20	0	0	0	20	80	0	0	0	2	0	0	1	0	0	0	0
1	1	24	2	3	1	1	1	"Bow"				8	9	13	30	24	0	0	0	30	90	0	0	0	2	0	0	1	0	0	0	0
2	1	24	2	3	1	1	1	"Elven Bow"			16	17	24	30	28	0	0	0	30	90	0	0	0	2	0	0	1	0	0	0	0
3	1	24	2	3	1	1	1	"Battle Bow"			26	28	37	30	36	0	0	0	30	90	0	0	0	2	0	0	1	0	0	0	0
4	1	24	2	4	1	1	1	"Tiger Bow"			40	42	52	30	43	0	0	0	30	100	0	0	0	2	0	0	1	0	0	0	0
5	1	24	2	4	1	1	1	"Silver Bow"			56	59	71	40	48	0	0	0	30	100	0	0	0	2	0	0	1	0	0	0	0
6	1	24	2	4	1	1	0	"Chaos Nature Bow"		75	88	106	35	68	0	0	0	40	150	0	0	0	0	0	0	1	0	0	0	0
7	1	0	1	1	0	0	0	"Bolt"				0	0	0	0	255	0	0	0	0	0	0	0	0	0	0	0	1	0	0	0	0
8	0	24	2	2	1	1	1	"Crossbow"			4	5	8	40	22	0	0	0	20	90	0	0	0	2	0	0	1	0	0	0	0
9	0	24	2	2	1	1	1	"Golden Crossbow"		12	13	19	40	26	0	0	0	30	90	0	0	0	2	0	0	1	0	0	0	0
10	0	24	2	2	1	1	1	"Arquebus"			20	22	30	40	31	0	0	0	30	90	0	0	0	2	0	0	1	0	0	0	0
11	0	24	2	3	1	1	1	"Crossbow of Light"		32	35	44	40	40	0	0	0	30	90	0	0	0	2	0	0	1	0	0	0	0
12	0	24	2	3	1	1	1	"Serpent Crossbow"		48	50	61	40	45	0	0	0	30	100	0	0	0	2	0	0	1	0	0	0	0
13	0	24	2	3	1	1	1	"Blue Wing Crossbow"		68	68	82	40	56	0	0	0	40	110	0	0	0	2	0	0	1	0	0	0	0
14	0	24	2	3	1	1	1	"Aqua Gold Crossbow"		72	78	92	30	60	0	0	0	50	130	0	0	0	2	0	0	1	0	0	0	0
15	0	0	1	1	0	0	0	"Arrows"			0	0	0	0	255	0	0	0	0	0	0	0	0	0	0	0	1	0	0	0	0
16	0	24	2	4	1	1	1	"Saint Crossbow"		84	102	127	35	72	0	0	0	50	160	0	0	0	2	0	0	1	0	0	0	0
17	1	24	2	4	1	1	1	"Celestial Bow"			92	127	155	35	76	0	0	0	54	198	0	0	0	2	0	0	2	0	0	0	0
18	0	24	2	3	1	1	1	"Divine Crossbow"		100	224	246	45	200	0	0	0	40	110	0	0	0	0	0	0	1	0	0	0	0
19	0	24	2	3	1	1	1	"Great Reign Crossbow"		100	150	172	40	80	0	0	0	61	285	0	0	0	2	0	0	2	0	0	0	0
20	1	24	2	4	1	1	1	"Viper Bow"			135	166	190	45	86	0	0	0	52	245	0	0	0	2	0	0	2	0	0	0	0
end
																													
//----------------------------------------------------------------------------------------------------------------------------------------------------------------------------------------------------------------------------------------------------------------------//
//Staffs																												    				//
//Index Slot    Skill	X	Y       Serial  Option  Drop    Name				Level   MinDmg	MaxDmg	AtSpeed Dur     MagDur  MagPowerLvlReq  StrReq  AgiReq  EneReq  VitReq  CmdReq SetAttr  DW/SM   DK/BK   ELF/ME    MG	DL	Zen     Res	//
//----------------------------------------------------------------------------------------------------------------------------------------------------------------------------------------------------------------------------------------------------------------------//
5																													
0	0	0	1	3	1	1	1	"Skull Staff"			6	3	4	20	0	20	6	0	40	0	0	0	0	3	1	0	0	1	0	1	0
1	0	0	2	3	1	1	1	"Angelic Staff"			18	10	12	25	0	38	20	0	50	0	0	0	0	3	1	0	0	1	0	0	0
2	0	0	2	3	1	1	1	"Serpent Staff"			30	17	18	25	0	50	34	0	50	0	0	0	0	3	1	0	0	1	0	0	0
3	0	0	2	4	1	1	1	"Lightning Staff"		42	23	25	25	0	60	46	0	40	10	0	0	0	3	1	0	0	1	0	0	0
4	0	0	2	4	1	1	1	"Gorgon Staff"			52	29	32	25	0	65	58	0	50	0	0	0	0	3	1	0	0	1	0	0	0
5	0	0	1	4	1	1	1	"Legendary Staff"		59	29	31	25	0	66	59	0	50	0	0	0	0	3	1	0	0	1	0	0	0
6	0	0	1	4	1	1	1	"Resurrection Staff"		70	35	39	25	0	70	70	0	60	10	0	0	0	3	1	0	0	1	0	0	0
7	0	0	2	4	1	1	0	"Chaos Lightning Staff"		75	47	48	30	0	70	94	0	60	10	0	0	0	0	1	0	0	1	0	0	0
8	0	0	2	4	1	1	1	"Staff of Destruction"		90	50	54	30	0	85	101	0	60	10	0	0	0	3	1	0	0	1	0	0	0
9	0	0	1	4	1	1	1	"Dragon Soul Staff"		100	46	48	30	0	91	92	0	52	16	0	0	0	3	2	0	0	0	0	0	0
10	0	0	1	4	1	1	1	"Divine Staff of Archangel"	104	153	165	30	0	182	156	0	36	4	0	0	0	0	1	0	0	1	0	0	0
11	0	0	1	4	1	1	1	"Kundun Staff"			140	55	61	30	0	95	110	0	45	16	0	0	0	0	2	0	0	1	0	0	0
end
																													
//----------------------------------------------------------------------------------------------------------------------------------------------------------------------------------------------------------------------------------------------------------------------//
//Shields																													    			//
//Index Slot    Skill	X	Y       Serial  Option  Drop    Name				Level   MinDmg	MaxDmg	AtSpeed Dur     MagDur  MagPowerLvlReq  StrReq  AgiReq  EneReq  VitReq  CmdReq SetAttr  DW/SM   DK/BK   ELF/ME    MG	DL	Zen     Res	//
//----------------------------------------------------------------------------------------------------------------------------------------------------------------------------------------------------------------------------------------------------------------------//
6																													
0	1	0	2	2	1	1	1	"Round Shield"			3	1	3	22	0	70	0	0	0	0	4	1	1	1	1	1	0	0
1	1	0	2	2	1	1	1	"Horn Shield"			9	3	9	28	0	100	0	0	0	0	4	0	1	0	1	1	0	0
2	1	0	2	2	1	1	1	"Kite Shield"			12	4	12	32	0	110	0	0	0	0	4	0	1	0	1	1	0	0
3	1	0	2	2	1	1	1	"Fairy Shield"			21	8	21	36	0	30	100	0	0	0	4	0	0	1	0	0	0	0
4	1	18	2	2	1	1	1	"Buckler"			6	2	6	24	0	80	0	0	0	0	4	1	1	1	1	1	0	0
5	1	18	2	2	1	1	1	"Dragon Slayer Shield"		35	10	36	44	0	100	40	0	0	0	4	0	1	0	1	1	0	0
6	1	18	2	2	1	1	1	"Skull Shield"			15	5	15	34	0	110	0	0	0	0	4	1	1	1	1	1	0	0
7	1	18	2	2	1	1	1	"Spiked Shield"			30	9	30	40	0	130	0	0	0	0	4	0	1	0	1	1	0	0
8	1	18	2	2	1	1	1	"Tower Shield"			40	11	40	46	0	130	0	0	0	0	4	0	1	1	1	1	0	0
9	1	18	2	2	1	1	1	"Plate Shield"			25	8	25	38	0	120	0	0	0	0	4	0	1	0	1	1	0	0
10	1	18	2	2	1	1	1	"Large Round Shield"		18	6	18	35	0	120	0	0	0	0	4	0	1	0	1	1	0	0
11	1	18	2	2	1	1	1	"Serpent Shield"		45	12	45	48	0	130	0	0	0	0	4	0	1	1	1	1	0	0
12	1	18	2	2	1	1	1	"Legendary Shield"		54	13	54	52	0	140	0	0	0	0	4	0	1	0	1	0	0	0
13	1	18	2	2	1	1	1	"Bronze Shield"			60	14	60	60	0	120	40	0	0	0	4	0	1	0	1	0	0	0
14	1	0	2	3	1	1	1	"Dragon Shield"			48	7	48	50	0	90	25	0	0	0	4	1	0	1	1	0	0	0
15	1	0	2	3	1	1	1	"Grand Soul Shield"		74	12	55	55	0	70	23	0	0	0	4	2	0	0	0	0	0	0
16	1	0	2	2	1	1	1	"Elemental Shield"		66	11	28	51	0	30	60	30	0	0	4	0	0	2	0	0	0	0
end																													

//----------------------------------------------------------------------------------------------------------------------------------------------------------------------------------------------------------------------------------------------------------------------//
//Helms																												    					//
//Index Slot    Skill	X	Y       Serial  Option  Drop    Name				Level   MinDmg	MaxDmg	AtSpeed Dur     MagDur  MagPowerLvlReq  StrReq  AgiReq  EneReq  VitReq  CmdReq SetAttr  DW/SM   DK/BK   ELF/ME    MG	DL	Zen     Res	//
//----------------------------------------------------------------------------------------------------------------------------------------------------------------------------------------------------------------------------------------------------------------------//
7																													
0	2	0	2	2	1	1	1	"Bronze Helm"			16	9	0	34			0	80	20	0	0	0	4	0	1	0	0	1	0	0
1	2	0	2	2	1	1	1	"Dragon Helm"			57	24	0	68			0	120	30	0	0	0	4	0	1	0	0	0	0	0
2	2	0	2	2	1	1	1	"Pad Helm"			5	4	0	28			0	20	0	0	0	0	4	1	0	0	0	0	0	0
3	2	0	2	2	1	1	1	"Legendary Helm"		50	18	0	42			0	30	0	0	0	0	4	1	0	0	0	0	0	0
4	2	0	2	2	1	1	1	"Bone Helm"			18	9	0	30			0	30	0	0	0	0	4	1	0	0	0	0	0	0
5	2	0	2	2	1	1	1	"Leather Helm"			6	5	0	30			0	80	0	0	0	0	4	0	1	0	0	1	0	1
6	2	0	2	2	1	1	1	"Scale Helm"			26	12	0	40			0	110	0	0	0	0	4	0	1	0	0	1	0	1
7	2	0	2	2	1	1	1	"Sphinx Helm" 			32	13	0	36			0	30	0	0	0	0	4	1	0	0	0	0	0	0
8	2	0	2	2	1	1	1	"Brass Helm"			36	17	0	44			0	100	30	0	0	0	4	0	1	0	0	0	0	0
9	2	0	2	2	1	1	1	"Plate Helm"			46	20	0	50			0	130	0	0	0	0	4	0	1	0	0	0	0	0
10	2	0	2	2	1	1	1	"Vine Helm"			6	4	0	22			0	30	60	0	0	0	4	0	0	1	0	0	0	0
11	2	0	2	2	1	1	1	"Silk Helm"			16	8	0	26			0	30	70	0	0	0	4	0	0	1	0	0	0	0
12	2	0	2	2	1	1	1	"Wind Helm"			28	12	0	32			0	30	80	0	0	0	4	0	0	1	0	0	0	0
13	2	0	2	2	1	1	1	"Spirit Helm"			40	16	0	38			0	40	80	0	0	0	4	0	0	1	0	0	0	0
14	2	0	2	2	1	1	1	"Guardian Helm"			53	23	0	45			0	40	80	0	0	0	4	0	0	1	0	0	0	0
16	2	0	2	2	1	1	1	"Black Dragon Helm" 		82	30	0	74			0	170	60	0	0	0	4	0	1	0	0	0	0	0
17	2	0	2	2	1	1	1	"Dark Phoenix Helm" 		92	43	0	80			0	205	62	0	0	0	4	0	2	0	0	0	0	0
18	2	0	2	2	1	1	1	"Grand Soul Helm" 		81	27	0	67			0	59	20	0	0	0	4	2	0	0	0	0	0	0
19	2	0	2	2	1	1	1	"Divine Helm" 			85	37	0	74			0	50	110	0	0	0	4	0	0	2	0	0	0	0
21	2	0	2	2	1	1	1	"Great Dragon Helm" 		104	53	0	86			0	200	58	0	0	0	4	0	2	0	0	0	0	0
22	2	0	2	2	1	1	1	"Dark Soul Helm"		110	36	0	75			0	55	18	0	0	0	4	2	0	0	0	0	0	0
24	2	0	2	2	1	1	1	"Red Spirit Helm"		93	46	0	80			0	52	115	0	0	0	4	0	0	2	0	0	0	0
25	2	0	2	2	1	1	1	"Light Plate Helm"		46	20	0	42			0	70	20	0	0	0	4	0	0	0	0	1	0	0
26	2	0	2	2	1	1	1	"Adamantine Helm"		66	24	0	56			0	77	21	0	0	0	4	0	0	0	0	1	0	0
27	2	0	2	2	1	1	1	"Dark Steel Helm"		86	26	0	70			0	84	22	0	0	0	4	0	0	0	0	1	0	0
28	2	0	2	2	1	1	1	"Dark Master Helm"		106	34	0	78			0	80	21	0	0	0	4	0	0	0	0	1	0	0
end
																													
//------------------------------------------------------------------------------------------------------------------------------------------------------------------------------------------------------------------------------------------------------//
//Armors																														//
//Index Slot    Skill	X	Y       Serial  Option  Drop    Name				Level   Def     MagDef          Dur                     LvlReq  StrReq  AgiReq  EneReq  VitReq  CmdReq  SetAttr DW/SM   DK/BK   ELF/ME  MG	DL	Zen     Res     //
//------------------------------------------------------------------------------------------------------------------------------------------------------------------------------------------------------------------------------------------------------//																													
8																												
0	3	0	2	2	1	1	1	"Bronze Armor"			18	14	0		34			0	80	20	0	0	0	4	0	1	0	1	1	0	0
1	3	0	2	3	1	1	1	"Dragon Armor"			59	37	0		68			0	120	30	0	0	0	4	0	1	0	1	0	0	0
2	3	0	2	2	1	1	1	"Pad Armor"			10	7	0		28			0	30	0	0	0	0	4	1	0	0	1	0	0	0
3	3	0	2	2	1	1	1	"Legendary Armor"		56	22	0		42			0	40	0	0	0	0	4	1	0	0	1	0	0	0
4	3	0	2	2	1	1	1	"Bone Armor"			22	13	0		30			0	40	0	0	0	0	4	1	0	0	1	0	0	0
5	3	0	2	3	1	1	1	"Leather Armor"			10	10	0		30			0	80	0	0	0	0	4	0	1	0	1	1	0	1
6	3	0	2	2	1	1	1	"Scale Armor"			28	18	0		40			0	110	0	0	0	0	4	0	1	0	1	1	0	1
7	3	0	2	3	1	1	1	"Sphinx Armor"			38	17	0		36			0	40	0	0	0	0	4	1	0	0	1	0	0	0
8	3	0	2	2	1	1	1	"Brass Armor"			38	22	0		44			0	100	30	0	0	0	4	0	1	0	1	0	0	1
9	3	0	2	2	1	1	1	"Plate Armor"			48	30	0		50			0	130	0	0	0	0	4	0	1	0	1	0	0	1
10	3	0	2	2	1	1	1	"Vine Armor"			10	8	0		22			0	30	60	0	0	0	4	0	0	1	0	0	0	0
11	3	0	2	2	1	1	1	"Silk Armor"			20	12	0		26			0	30	70	0	0	0	4	0	0	1	0	0	0	0
12	3	0	2	2	1	1	1	"Wind Armor"			32	16	0		32			0	30	80	0	0	0	4	0	0	1	0	0	0	0
13	3	0	2	2	1	1	1	"Spirit Armor"			44	21	0		38			0	40	80	0	0	0	4	0	0	1	0	0	0	0
14	3	0	2	2	1	1	1	"Guardian Armor"		57	29	0		45			0	40	80	0	0	0	4	0	0	1	0	0	0	0
15	3	0	2	3	1	1	1	"Storm Crow Armor"		80	44	0		80			0	150	70	0	0	0	4	0	0	0	1	0	0	0
16	3	0	2	3	1	1	1	"Black Dragon Armor"		90	48	0		74			0	170	60	0	0	0	4	0	1	0	0	0	0	0
17	3	0	2	3	1	1	1	"Dark Phoenix Armor"		100	63	0		80			0	214	65	0	0	0	4	0	2	0	0	0	0	0
18	3	0	2	3	1	1	1	"Grand Soul Armor"		91	33	0		67			0	59	20	0	0	0	4	2	0	0	0	0	0	0
19	3	0	2	2	1	1	1	"Divine Armor"			92	44	0		74		0	50	110	0	0	0	4	0	0	2	0	0	0	0
20	3	0	2	3	1	1	1	"Thunder Hawk Armor"		107	60	0		82		0	170	70	0	0	0	4	0	0	0	1	0	0	0
21	3	0	2	3	1	1	1	"Great Dragon Armor"		126	75	0		86			0	200	58	0	0	0	4	0	2	0	0	0	0	0
22	3	0	2	3	1	1	1	"Dark Soul Armor"		122	43	0		75			0	55	18	0	0	0	4	2	0	0	0	0	0	0
23	3	0	2	3	1	1	1	"Hurricane Armor"		128	73	0		90			0	162	66	0	0	0	4	0	0	0	1	0	0	0
24	3	0	2	2	1	1	1	"Red Spirit Armor"		109	55	0		80			0	52	115	0	0	0	4	0	0	2	0	0	0	0
25	3	0	2	3	1	1	1	"Light Plate Armor"		62	25	0		42			0	70	20	0	0	0	4	0	0	0	0	1	0	0
26	3	0	2	3	1	1	1	"Adamantine Armor"		78	36	0		56			0	77	21	0	0	0	4	0	0	0	0	1	0	0
27	3	0	2	3	1	1	1	"Dark Steel Armor"		96	43	0		70			0	84	22	0	0	0	4	0	0	0	0	1	0	0
28	3	0	2	3	1	1	1	"Dark Master Armor"		117	51	0		78			0	80	21	0	0	0	4	0	0	0	0	1	0	0
end	
																												
//------------------------------------------------------------------------------------------------------------------------------------------------------------------------------------------------------------------------------------------------------//
//Pants																														     	//
//Index Slot    Skill	X	Y       Serial  Option  Drop    Name				Level   Def     MagDef          Dur                     LvlReq  StrReq  AgiReq  EneReq  VitReq  CmdReq  SetAttr DW/SM   DK/BK   ELF/ME  MG	DL	Zen     Res     //
//------------------------------------------------------------------------------------------------------------------------------------------------------------------------------------------------------------------------------------------------------//																												
9																													
0	4	0	2	2	1	1	1	"Bronze Pants"			15	10	0		34			0	80	20	0	0	0	4	0	1	0	1	1	0	0
1	4	0	2	2	1	1	1	"Dragon Pants"			55	26	0		68			0	120	30	0	0	0	4	0	1	0	1	0	0	0
2	4	0	2	2	1	1	1	"Pad Pants"			8	5	0		28			0	30	0	0	0	0	4	1	0	0	1	0	0	0
3	4	0	2	2	1	1	1	"Legendary Pants"		53	20	0		42			0	40	0	0	0	0	4	1	0	0	1	0	0	0
4	4	0	2	2	1	1	1	"Bone Pants"			20	10	0		30			0	40	0	0	0	0	4	1	0	0	1	0	0	0
5	4	0	2	2	1	1	1	"Leather Pants"			8	7	0		30			0	80	0	0	0	0	4	0	1	0	1	1	0	1
6	4	0	2	2	1	1	1	"Scale Pants"			25	14	0		40			0	110	0	0	0	0	4	0	1	0	1	1	0	1
7	4	0	2	2	1	1	1	"Sphinx Pants"			34	15	0		36			0	40	0	0	0	0	4	1	0	0	1	0	0	0
8	4	0	2	2	1	1	1	"Brass Pants"			35	18	0		44			0	100	30	0	0	0	4	0	1	0	1	0	0	1
9	4	0	2	2	1	1	1	"Plate Pants"			45	22	0		50			0	130	0	0	0	0	4	0	1	0	1	0	0	1
10	4	0	2	2	1	1	1	"Vine Pants"			8	6	0		22			0	30	60	0	0	0	4	0	0	1	0	0	0	0
11	4	0	2	2	1	1	1	"Silk Pants"			18	10	0		26			0	30	70	0	0	0	4	0	0	1	0	0	0	0
12	4	0	2	2	1	1	1	"Wind Pants"			30	14	0		32			0	30	80	0	0	0	4	0	0	1	0	0	0	0
13	4	0	2	2	1	1	1	"Spirit Pants"			42	18	0		38			0	40	80	0	0	0	4	0	0	1	0	0	0	0
14	4	0	2	2	1	1	1	"Guardian Pants"		54	25	0		45			0	40	80	0	0	0	4	0	0	1	0	0	0	0
15	4	0	2	2	1	1	1	"Storm Crow Pants"		74	34	0		80			0	150	70	0	0	0	4	0	0	0	1	0	0	0
16	4	0	2	2	1	1	1	"Black Dragon Pants"		84	40	0		74			0	170	60	0	0	0	4	0	1	0	0	0	0	0
17	4	0	2	2	1	1	1	"Dark Phoenix Pants"		96	54	0		80			0	207	63	0	0	0	4	0	2	0	0	0	0	0
18	4	0	2	2	1	1	1	"Grand Soul Pants"		86	30	0		67			0	59	20	0	0	0	4	2	0	0	0	0	0	0
19	4	0	2	2	1	1	1	"Divine Pants"			88	39	0		74			0	50	110	0	0	0	4	0	0	2	0	0	0	0
20	4	0	2	2	1	1	1	"Thunder Hawk Pants"		99	49	0		82		0	150	70	0	0	0	4	0	0	0	1	0	0	0
21	4	0	2	2	1	1	1	"Great Dragon Pants"		113	65	0		86			0	200	58	0	0	0	4	0	2	0	0	0	0	0
22	4	0	2	2	1	1	1	"Dark Soul Pants"		117	39	0		75			0	55	18	0	0	0	4	2	0	0	0	0	0	0
23	4	0	2	2	1	1	1	"Hurricane Pants"		122	61	0		90			0	162	66	0	0	0	4	0	0	0	1	0	0	0
24	4	0	2	2	1	1	1	"Red Spirit Pants"		100	48	0		80			0	52	115	0	0	0	4	0	0	2	0	0	0	0
25	4	0	2	2	1	1	1	"Light Plate Pants"		50	21	0		42			0	70	20	0	0	0	4	0	0	0	0	1	0	0
26	4	0	2	2	1	1	1	"Adamantine Pants"		70	26	0		56			0	77	21	0	0	0	4	0	0	0	0	1	0	0
27	4	0	2	2	1	1	1	"Dark Steel Pants"		92	31	0		70			0	84	22	0	0	0	4	0	0	0	0	1	0	0
28	4	0	2	2	1	1	1	"Dark Master Pants"		110	39	0		78			0	80	21	0	0	0	4	0	0	0	0	1	0	0
end	
																												
//------------------------------------------------------------------------------------------------------------------------------------------------------------------------------------------------------------------------------------------------------//
//Gloves																													     	//
//Index Slot    Skill	X	Y       Serial  Option  Drop    Name				Level   Def     MagDef          Dur                     LvlReq  StrReq  AgiReq  EneReq  VitReq  CmdReq  SetAttr DW/SM   DK/BK   ELF/ME  MG	DL	Zen     Res     //
//------------------------------------------------------------------------------------------------------------------------------------------------------------------------------------------------------------------------------------------------------//																													
10																													
0	5	0	2	2	1	1	1	"Bronze Gloves"			13	4	4		34			0	80	20	0	0	0	4	0	1	0	1	1	0	0
1	5	0	2	2	1	1	1	"Dragon Gloves"			52	14	6		68			0	120	30	0	0	0	4	0	1	0	1	0	0	0
2	5	0	2	2	1	1	1	"Pad Gloves"			3	2	0		28			0	20	0	0	0	0	4	1	0	0	1	0	0	0
3	5	0	2	2	1	1	1	"Legendary Gloves"		44	11	0		42			0	20	0	0	0	0	4	1	0	0	1	0	0	0
4	5	0	2	2	1	1	1	"Bone Gloves"			14	5	0		30			0	20	0	0	0	0	4	1	0	0	1	0	0	0
5	5	0	2	2	1	1	1	"Leather Gloves"		4	2	8		30			0	80	0	0	0	0	4	0	1	0	1	1	0	0
6	5	0	2	2	1	1	1	"Scale Gloves"			22	7	10		40			0	110	0	0	0	0	4	0	1	0	1	1	0	0
7	5	0	2	2	1	1	1	"Sphinx Gloves"			28	8	0		36			0	20	0	0	0	0	4	1	0	0	1	0	0	0
8	5	0	2	2	1	1	1	"Brass Gloves"			32	9	8		44			0	100	30	0	0	0	4	0	1	0	1	0	0	0
9	5	0	2	2	1	1	1	"Plate Gloves"			42	12	4		50			0	130	0	0	0	0	4	0	1	0	1	0	0	0
10	5	0	2	2	1	1	1	"Vine Gloves"			4	2	4		22			0	30	60	0	0	0	4	0	0	1	0	0	0	0
11	5	0	2	2	1	1	1	"Silk Gloves"			14	4	8		26			0	30	70	0	0	0	4	0	0	1	0	0	0	0
12	5	0	2	2	1	1	1	"Wind Gloves"			26	6	10		32			0	30	80	0	0	0	4	0	0	1	0	0	0	0
13	5	0	2	2	1	1	1	"Spirit Gloves"			38	9	4		38			0	40	80	0	0	0	4	0	0	1	0	0	0	0
14	5	0	2	2	1	1	1	"Guardian Gloves"		50	15	6		45			0	40	80	0	0	0	4	0	0	1	0	0	0	0
15	5	0	2	2	1	1	1	"Storm Crow Gloves"		70	20	6		80			0	150	70	0	0	0	4	0	0	0	1	0	0	0
16	5	0	2	2	1	1	1	"Black Dragon Gloves"		76	22	6		74			0	170	60	0	0	0	4	0	1	0	0	0	0	0
17	5	0	2	2	1	1	1	"Dark Phoenix Gloves"		86	37	6		80			0	205	63	0	0	0	4	0	2	0	0	0	0	0
18	5	0	2	2	1	1	1	"Grand Soul Gloves"		70	20	5		67			0	49	10	0	0	0	4	2	0	0	0	0	0	0
19	5	0	2	2	1	1	1	"Divine Gloves"			72	29	6		74			0	50	110	0	0	0	4	0	0	2	0	0	0	0
20	5	0	2	2	1	1	1	"Thunder Hawk Gloves"		88	34	7		82			0	150	70	0	0	0	4	0	0	0	1	0	0	0
21	5	0	2	2	1	1	1	"Great Dragon Gloves"		94	48	6		86			0	200	58	0	0	0	4	0	2	0	0	0	0	0
22	5	0	2	2	1	1	1	"Dark Soul Gloves"		87	30	6		75			0	55	18	0	0	0	4	2	0	0	0	0	0	0
23	5	0	2	2	1	1	1	"Hurricane Gloves"		102	45	7		90			0	162	66	0	0	0	4	0	0	0	1	0	0	0
24	5	0	2	2	1	1	1	"Red Spirit Gloves"		84	38	6		80			0	52	115	0	0	0	4	0	0	2	0	0	0	0
25	5	0	2	2	1	1	1	"Light Plate Gloves"		42	12	7		42			0	70	20	0	0	0	4	0	0	0	0	1	0	0
26	5	0	2	2	1	1	1	"Adamantine Gloves"		57	18	6		56			0	77	21	0	0	0	4	0	0	0	0	1	0	0
27	5	0	2	2	1	1	1	"Dark Steel Gloves"		75	21	5		70			0	84	22	0	0	0	4	0	0	0	0	1	0	0
28	5	0	2	2	1	1	1	"Dark Master Gloves"		89	29	4		78			0	80	21	0	0	0	4	0	0	0	0	1	0	0
end	
																												
//------------------------------------------------------------------------------------------------------------------------------------------------------------------------------------------------------------------------------------------------------//
//Boots																													     	        //
//Index Slot    Skill	X	Y       Serial  Option  Drop    Name		Level   Def     MagDef          Dur                     LvlReq  StrReq  AgiReq  EneReq  VitReq  CmdReq  SetAttr DW/SM   DK/BK   ELF/ME  MG	DL	Zen     Res     //
//------------------------------------------------------------------------------------------------------------------------------------------------------------------------------------------------------------------------------------------------------//																													
11																													
0	6	0	2	2	1	1	1	"Bronze Boots"	12	4	10		34			0	80	20	0	0	0	4	0	1	0	1	1	0	0
1	6	0	2	2	1	1	1	"Dragon Boots"	54	15	2		68			0	120	30	0	0	0	4	0	1	0	1	0	0	0
2	6	0	2	2	1	1	1	"Pad Boots"	4	3	10		28			0	20	0	0	0	0	4	1	0	0	1	0	0	0
3	6	0	2	2	1	1	1	"Legendary Boots"	46	12	0		42			0	30	0	0	0	0	4	1	0	0	1	0	0	0
4	6	0	2	2	1	1	1	"Bone Boots"	16	6	6		30			0	30	0	0	0	0	4	1	0	0	1	0	0	0
5	6	0	2	2	1	1	1	"Leather Boots"	5	2	12		30			0	80	0	0	0	0	4	0	1	0	1	1	0	1
6	6	0	2	2	1	1	1	"Scale Boots"	22	8	8		40			0	110	0	0	0	0	4	0	1	0	1	1	0	1
7	6	0	2	2	1	1	1	"Sphinx Boots"	30	9	8		36			0	30	0	0	0	0	4	1	0	0	1	0	0	0
8	6	0	2	2	1	1	1	"Brass Boots"	32	10	6		44			0	100	30	0	0	0	4	0	1	0	1	0	0	1
9	6	0	2	2	1	1	1	"Plate Boots"	42	12	4		50			0	130	0	0	0	0	4	0	1	0	1	0	0	1
10	6	0	2	2	1	1	1	"Vine Boots"	5	2	0		22			0	30	60	0	0	0	4	0	0	1	0	0	0	0
11	6	0	2	2	1	1	1	"Silk Boots"	15	4	0		26			0	30	70	0	0	0	4	0	0	1	0	0	0	0
12	6	0	2	2	1	1	1	"Wind Boots"	27	7	0		32			0	30	80	0	0	0	4	0	0	1	0	0	0	0
13	6	0	2	2	1	1	1	"Spirit Boots"	40	10	0		38			0	40	80	0	0	0	4	0	0	1	0	0	0	0
14	6	0	2	2	1	1	1	"Guardian Boots"	52	16	0		45			0	40	80	0	0	0	4	0	0	1	0	0	0	0
15	6	0	2	2	1	1	1	"Storm Crow Boots"	72	22	2		80			0	150	70	0	0	0	4	0	0	0	1	0	0	0
16	6	0	2	2	1	1	1	"Black Dragon Boots"	78	24	2		74			0	170	60	0	0	0	4	0	1	0	0	0	0	0
17	6	0	2	2	1	1	1	"Dark Phoenix Boots"	93	40	2		80			0	198	60	0	0	0	4	0	2	0	0	0	0	0
18	6	0	2	2	1	1	1	"Grand Soul Boots"	76	22	0		67			0	59	10	0	0	0	4	2	0	0	0	0	0	0
19	6	0	2	2	1	1	1	"Divine Boots"	81	30	0		74			0	50	110	0	0	0	4	0	0	2	0	0	0	0
20	6	0	2	2	1	1	1	"Thunder Hawk Boots"		92	37	2		82		0	150	70	0	0	0	4	0	0	0	1	0	0	0
21	6	0	2	2	1	1	1	"Great Dragon Boots"	98	50	0		86			0	200	58	0	0	0	4	0	2	0	0	0	0	0
22	6	0	2	2	1	1	1	"Dark Soul Boots"	95	31	0		75			0	55	18	0	0	0	4	2	0	0	0	0	0	0
23	6	0	2	2	1	1	1	"Red Spirit Boots"	110	50	0		90			0	162	66	0	0	0	4	0	0	0	1	0	0	0
24	6	0	2	2	1	1	1	"Hurricane Boots"	87	40	0		80			0	52	115	0	0	0	4	0	0	2	0	0	0	0
25	6	0	2	2	1	1	1	"Light Plate Boots"	45	13	0		42			0	70	20	0	0	0	4	0	0	0	0	1	0	0
26	6	0	2	2	1	1	1	"Adamantine Boots"	60	20	0		56			0	77	21	0	0	0	4	0	0	0	0	1	0	0
27	6	0	2	2	1	1	1	"Dark Steel Boots"	83	25	0		70			0	84	22	0	0	0	4	0	0	0	0	1	0	0
28	6	0	2	2	1	1	1	"Dark Master Boots"	95	33	0		78			0	80	21	0	0	0	4	0	0	0	0	1	0	0
end																													

//Index	Slot	Skill   x	y	sirial	option	drop	Name	Level	Def	Dur	ReqLev	ReqEng	ReqStr	RegDex	RegCha	Zen	흑마법사	흑기사	요정	마검사	다크로드	소환술사	레이지파이터
12																													
0	7	0	3	2	1	0	0	"요정날개"	100	10	200	180	0	0	0	0	0		0	0	1	0	0	0	0
1	7	0	5	3	1	0	0	"천공의날개"	100	10	200	180	0	0	0	0	0		1	0	0	1	0	0	0
2	7	0	5	2	1	0	0	"사탄날개"	100	20	200	180	0	0	0	0	0		0	1	0	1	0	0	0
3	7	0	5	3	1	1	0	"정령의날개"	150	30	200	215	0	0	0	0	0		0	0	2	0	0	0	0
4	7	0	5	3	1	1	0	"영혼의날개"	150	30	200	215	0	0	0	0	0		2	0	0	0	0	0	0
5	7	0	3	3	1	1	0	"드라곤의날개"	150	45	200	215	0	0	0	0	0		0	2	0	0	0	0	0
6	7	0	4	2	1	1	0	"암흑의날개"	150	40	200	215	0	0	0	0	0		0	0	0	1	0	0	0
7	-1	0	1	1	1	0	1	"회오리베기구슬"	47	0	0	80	0	0	0	0	29000						0	1	0	1	0	0	0
8	-1	0	1	1	1	0	1	"치료구슬"	8	0	0	0	100	0	0	0	800						0	0	1	0	0	0	0
9	-1	0	1	1	1	0	1	"방어력향상구슬"	13	0	0	0	100	0	0	0	3000						0	0	1	0	0	0	0
10	-1	0	1	1	1	0	1	"공격력향상구슬"	18	0	0	0	100	0	0	0	7000						0	0	1	0	0	0	0
11	-1	0	1	1	1	0	1	"소환구슬"	3	0	0	0	0	0	0	0	150						0	0	1	0	0	0	0
12	-1	0	1	1	1	0	1	"분노의일격구슬"	78	0	0	170	0	0	0	0	150000						0	2	0	0	0	0	0
13	-1	0	1	1	1	0	1	"창찌르기구슬"	20	0	0	28	0	0	0	0	10000						0	1	0	1	0	0	0
14	-1	0	1	1	1	0	1	"스웰라이프구슬"	60	0	0	120	0	0	0	0	43000						0	1	0	0	0	0	0
15	-1	0	1	1	1	0	1	"Jewel of Chaos"	12	0	0	0	0	0	0	0	0						1	1	1	1	1	0	0
16	-1	0	1	1	1	0	1	"블러드어택구슬"	60	0	0	0	0	320	0	0	51000						0	0	0	1	0	0	0
17	-1	0	1	1	1	0	1	"관통구슬"	64	0	0	130	0	0	0	0	72000						0	0	1	0	0	0	0
18	-1	0	1	1	1	0	1	"아이스애로우구슬"	81	0	0	0	0	0	258	0	195000						0	0	2	0	0	0	0
19	-1	0	1	1	1	0	1	"블로우구슬"	72	0	0	160	0	0	0	0	85000						0	2	0	0	0	0	0
21	-1	0	1	2	1	0	1	"파이어버스트스크롤"	74	0	0	0	20	0	0	0	115000						0	0	0	0	1	0	0
22	-1	0	1	2	1	0	1	"셔먼스크롤"	98	0	0	0	34	0	0	400	375000						0	0	0	0	1	0	0
23	-1	0	1	2	1	0	1	"크리티컬데미지증가스크롤"	82	0	0	0	25	0	0	300	220000						0	0	0	0	1	0	0
24	-1	0	1	2	1	0	1	"일렉트릭스파이크스크롤"	92	0	0	0	29	0	0	340	295000						0	0	0	0	1	0	0
end																													
																													
//Index	ItemSlotSkillTypex	y	sirial	option	drop	Name	Level		Dur		얼음	독	번개		불	땅	바람	물		세트속성	흑마법사	흑기사	요정	마검사	다크로드	소환술사	레이지파이터
13																													
0	8	0	1	1	1	0	1	"수호천사"	23		255		0	0	0		0	0	0	0		0	1	1	1	1	1	1	1
1	8	0	1	1	1	0	1	"사탄"	28		255		0	0	0		0	0	0	0		0	1	1	1	1	1	1	1
2	8	0	1	1	1	0	1	"유니리아의뿔"	25		255		0	0	0		0	0	0	0		0	1	1	1	1	1	1	1
3	8	49	1	1	1	0	0	"디노란트의뿔"	110		255		0	0	0		0	0	0	0		0	1	1	1	1	1	1	1
4	8	62	1	1	1	0	0	"다크호스의뿔"	218		255		0	0	0		0	0	0	0		0	0	0	0	0	1	0	0
5	1	0	1	1	1	0	0	"다크스피릿의발톱"	0		255		0	0	0		0	0	0	0		0	1	1	1	1	1	0	0
8	10	0	1	1	1	1	1	"얼음의반지"	20		50		1	0	0		0	0	0	0		2	1	1	1	1	1	1	1
9	10	0	1	1	1	1	1	"독의반지"	17		50		0	1	0		0	0	0	0		4	1	1	1	1	1	1	1
10	10	0	1	1	1	0	0	"변신반지"	0		200		0	0	0		0	0	0	0		0	1	1	1	1	1	1	1
12	9	0	1	1	1	1	1	"번개의목걸이"	21		50		0	0	1		0	0	0	0		3	1	1	1	1	1	1	1
13	9	0	1	1	1	1	1	"불의목걸이"	13		50		0	0	0		1	0	0	0		1	1	1	1	1	1	1	1
14	-1	0	1	2	1	0	0	"Lorch's Feather"	78		0		0	0	0		0	0	0	0		0	1	1	1	1	1	1	1
15	-1	0	1	1	1	0	0	"열매"	0		0		0	0	0		0	0	0	0		0	1	1	1	1	1	1	1
16	-1	0	1	2	1	0	0	"대천사의서"	0		128		0	0	0		0	0	0	0		0	1	1	1	1	1	1	1
17	-1	0	1	2	1	0	0	"블러드본"	0		128		0	0	0		0	0	0	0		0	1	1	1	1	1	1	1
18	-1	0	2	2	1	0	0	"투명망토"	0		255		0	0	0		0	0	0	0		0	1	1	1	1	1	1	1
19	-1	0	1	2	1	0	0	"대천사의절대무기"	0		255		0	0	0		0	0	0	0		0	1	1	1	1	1	1	1
20	10	0	1	1	1	1	0	"마법사의반지"	0		30		0	0	0		0	0	0	0		0	1	1	1	1	1	1	1
21	10	0	1	1	1	1	1	"불의반지"	30		50		0	0	0		1	0	0	0		3	1	1	1	1	1	1	1
22	10	0	1	1	1	1	1	"땅의반지"	38		50		0	0	0		0	1	0	0		1	1	1	1	1	1	1	1
23	10	0	1	1	1	1	1	"바람의반지"	44		50		0	0	0		0	0	1	0		2	1	1	1	1	1	1	1
24	10	0	1	1	1	1	1	"마법의반지"	47		50		0	0	0		0	0	0	0		3	1	1	1	1	1	1	1
25	9	0	1	1	1	1	1	"얼음의목걸이"	34		50		1	0	0		0	0	0	0		1	1	1	1	1	1	1	1
26	9	0	1	1	1	1	1	"바람의목걸이"	42		50		0	0	0		0	0	1	0		2	1	1	1	1	1	1	1
27	9	0	1	1	1	1	1	"물의목걸이"	46		50		0	0	0		0	0	0	1		4	1	1	1	1	1	1	1
28	9	0	1	1	1	1	1	"기술의목걸이"	50		50		0	0	0		0	0	0	0		0	1	1	1	1	1	1	1
29	-1	0	2	2	1	1	1	"근위병의갑옷세트"	0		0		0	0	0		0	0	0	0		0	1	1	1	1	1	1	1
30	7	0	2	3	1	1	0	"군주의망토"	180		200		0	0	0		0	0	0	0		0	0	0	0	0	1	0	0
31	-1	0	1	1	1	0	0	"영혼"	0	0		0	0	0		0	0	0	0		0	0	0	0	0	1	0	0
end																													
																													
//------------------------------------------------------------------------------------------------------------------------------//
//Miscellaneous II														//
//Index Slot    Skill	X	Y       Serial  Option  Drop    Name				Value   Level                   //
//------------------------------------------------------------------------------------------------------------------------------//
14																													
0	-1	0	1	1	0	0	1	"Apple"				5	1																			
1	-1	0	1	1	0	0	1	"Small Healing Potion"		10	10																			
2	-1	0	1	1	0	0	1	"Healing Potion"		20	25																			
3	-1	0	1	1	0	0	1	"Large Healing Potion"		30	40																			
4	-1	0	1	1	0	0	1	"Small Mana Potion"		10	10																			
5	-1	0	1	1	0	0	1	"Mana Potion"			20	25																			
6	-1	0	1	1	0	0	1	"Large Mana Potion"		30	40																			
8	-1	0	1	1	0	0	1	"Antidote"			10	10																			
9	-1	0	1	2	0	0	1	"Ale"				30	15																			
10	-1	0	1	2	0	0	1	"Town Teleport"			30	30																			
11	-1	0	1	1	1	0	1	"Box of Luck"			0	0																			
12	-1	0	1	1	1	0	0	"Heart"				0	0																			
13	-1	0	1	1	1	0	1	"Jewel of Bless"		150	25																			
14	-1	0	1	1	1	0	1	"Jewel of Soul"			150	30																			
15	-1	0	1	1	0	0	1	"Zen"				0	0																			
16	-1	0	1	1	1	0	1	"Jewel of Life"			0	72																			
17	-1	0	1	1	1	0	0	"Devil's Eye"			0	1																			
18	-1	0	1	1	1	0	0	"Devil's Key"			0	1																			
19	-1	0	1	1	1	0	0	"Ticket to Devil Square"	0	0																			
20	-1	0	1	1	0	0	1	"Remedy of Love"		0	0																			
21	-1	0	1	1	0	0	0	"Rena"				0	0																			
22	-1	0	1	1	1	0	1	"Jewel of Creation"		0	28
23	-1	0	1	1	1	0	1	"Broken Sword"			0	0																			
24	-1	0	1	2	1	0	1	"Tear of Elf"			0	0																			
25	-1	0	1	1	1	0	1	"Soul of Wizard"		0	0																			
26	-1	0	1	1	1	0	1	"Ancient Metal"			0	0																			
28	-1	0	1	1	1	0	0	"Lost Map"			0	0																			
29	-1	0	1	1	1	0	0	"Symbol of Kundun"		0	0																			
end																													
																																																										
//Index	ItemSlotSkillTypex	y	sirial	option	drop	Name			Level	ReqLev	ReqEng						Zen						흑마법사흑기사	요정	마검사	다크로	소환술사레이지파이터
15	//법서																												
0	-1	0	1	2	1	0	1	"포이즌법서"		30	0	100						17000						1	0	0	1	0	0	0
1	-1	0	1	2	1	0	1	"운석법서"		21	0	100						11000						1	0	0	1	0	1	0
2	-1	0	1	2	1	0	1	"번개법서"		13	0	100						3000						1	0	0	1	0	0	0
3	-1	0	1	2	1	0	1	"파이어볼법서"		5	0	100						300						1	0	0	1	0	1	0
4	-1	0	1	2	1	0	1	"불기둥법서"		35	0	100						21000						1	0	0	1	0	0	0
5	-1	0	1	2	1	0	1	"순간이동법서"		17	0	100						5000						1	0	0	0	0	0	0
6	-1	0	1	2	1	0	1	"얼음법서"		25	0	100						14000						1	0	0	1	0	1	0
7	-1	0	1	2	1	0	1	"회오리법서"		40	0	100						25000						1	0	0	1	0	0	0
8	-1	0	1	2	1	0	1	"악령법서"		50	0	100						35000						1	0	0	1	0	0	0
9	-1	0	1	2	1	0	1	"헬파이어법서"		60	0	100						60000						1	0	0	1	0	0	0
10	-1	0	1	2	1	0	1	"파워웨이브법서"	9	0	100						1150						1	0	0	1	0	1	0
11	-1	0	1	2	1	0	1	"아쿠아플래쉬법서"	74	0	110						100000						1	0	0	1	0	0	0
12	-1	0	1	2	1	0	1	"블래스트법서"		80	0	150						175000						1	0	0	1	0	0	0
13	-1	0	1	2	1	0	1	"인페르노법서"		88	0	200						265000						1	0	0	1	0	0	0
14	-1	0	1	2	1	0	1	"텔레키네시스법서"	83	0	188						245000						2	0	0	0	0	0	0
15	-1	0	1	2	1	0	1	"소울바리어법서"	77	0	126						135000						1	0	0	0	0	0	0
16	-1	0	1	2	1	0	1	"데쓰포이즌법서"	96	0	243						345000						2	0	0	0	0	0	0
17	-1	0	1	2	1	0	1	"서든아이스법서"	93	0	223						315000						2	0	0	0	0	0	0
18	-1	0	1	2	1	0	1	"헬버스트법서"		100	0	258						410000						2	0	0	0	0	0	0
end