0		
2	21	0	0	0	//	レイピア
14	11	0	0	0	//	稲妻の剣
end

1
end

2
1	1	0	0	0	//	モーニングスター
end

3
end

4		
9	23	0	0	0	//	ガストラ
5	29	0	0	0	//	プラチナボウ
end

5		
0	13	0	0	0	//	骸骨の杖
end

7		
5	1	0	0	0	//	革の兜　
6	5	0	0	0	//	スケイルヘルム
1	11	0	0	0	//	ドラゴンヘルム
2	13	0	0	0	//	魔導の兜
7	17	0	0	0	//	スフィンクスの仮面
3	19	0	0	0	//	オーディーンの兜
10	21	0	0	0	//	エルフの兜
11	23	0	0	0	//	シルクの兜
12	25	0	0	0	//	風の兜
end

8
5	1	0	0	0	//	革の鎧
0	3	0	0	0	//	青銅の鎧
6	5	0	0	0	//	スケイルアーマー
8	7	0	0	0	//	ミスリルアーマー
9	9	0	0	0	//	鋼鉄の鎧
15	31	0	0	0	//	ケルベロスアーマー
2	13	0	0	0	//	魔導の鎧
4	15	0	0	0	//	骸骨の鎧
7	17	0	0	0	//	スフィンクスの鎧
3	19	0	0	0	//	オーディーンの鎧
11	23	0	0	0	//	シルクの鎧
12	25	0	0	0	//	風の鎧
13	27	0	0	0	//	精霊の鎧
14	29	0	0	0	//	パルテナの鎧
end

9
5	1	0	0	0	//	革のガーダー
0	3	0	0	0	//	青銅のガーダー
6	5	0	0	0	//	スケイルガーダー
8	7	0	0	0	//	ミスリルガーダー
15	31	0	0	0	//	ケルベロスガーダー
2	13	0	0	0	//	魔導のガーダー
4	15	0	0	0	//	骸骨のガーダー
7	17	0	0	0	//	スフィンクスのガーダー
10	21	0	0	0	//	ルシファーのガーダー
11	23	0	0	0	//	シルクのガーダー
12	25	0	0	0	//	風のガーダー
13	27	0	0	0	//	精霊のガーダー
end

10
5	1	0	0	0	//	革のグラブ
8	7	0	0	0	//	ミスリルグラブ
9	9	0	0	0	//	鋼鉄のグラブ
1	11	0	0	0	//	ドラゴンググラブ
2	13	0	0	0	//	魔導のグラブ
7	17	0	0	0	//	スフィンクスのグラブ
3	19	0	0	0	//	オーディーンのグラブ
10	21	0	0	0	//	エルフのグラブ
11	23	0	0	0	//	シルクのグラブ
12	25	0	0	0	//	風のグラブ
13	27	0	0	0	//	精霊のグラブ
14	29	0	0	0	//	パルテナのグラブ
end

11
5	1	0	0	0	//	革のブーツ
0	3	0	0	0	//	青銅のブーツ
8	7	0	0	0	//	ミスリルのブーツ
9	9	0	0	0	//	鋼鉄のブーツ
1	11	0	0	0	//	ドラゴンのブーツ
15	31	0	0	0	//	ケルベロスのブーツ
4	15	0	0	0	//	骸骨のブーツ
7	17	0	0	0	//	スフィンクスのブーツ
10	21	0	0	0	//	エルフのブーツ
12	25	0	0	0	//	風のブーツ
14	29	0	0	0	//	パルテナのブーツ	
end

6
6	17	0	0	0	//	骸骨の盾
9	5	0	0	0	//	鋼鉄の盾
end

13
8	1	0	0	0	//	氷のリング
9	9	0	0	0	//	毒のリング
21	19	0	0	0	//	炎のリング
22	21	0	0	0	//	地のリング
23	9	0	0	0	//	風のリング
24	13	0	0	0	//	魔法のリング
12	5	0	0	0	//	稲妻のネックレス
13	7	0	0	0	//	炎のネックレス
25	13	0	0	0	//	氷のネックレス
26	15	0	0	0	//	風のネックレス
27	31	0	0	0	//	水のネックレス
28	29	0	0	0	//	スキルのネックレス
end