// Text Ver. 0.0.0.1																					
// Version 0.99y+  - T서버																					
// Version 0.99y  - M서버																					
// 최종 작업자 - 황준일																					
// 최종 작업일 - 오전 11:23 2005-04-25																					
// 내용: 성주 특별 아이템 조합
																					
//드롭가능맵 설정																					
0																					
//	MapIndex	Drop Flag	Min Monster Level	Max MonsterLevel																	
	0	0	0	1000	//로랜시아																
	1	0	0	1000	//던전																
	2	0	0	1000	//데비아스																
	3	0	0	1000	//노리아																
	4	0	0	1000	//로스트타워																
	5	0	0	1000	//빈공간																
	6	0	0	1000	//경기장(배틀사커)																
	7	0	0	1000	//아틀란스																
	8	0	0	1000	//타르칸																
	9	0	0	1000	//악마의광장																
	10	0	0	1000	//이카루스																
end																					
																					
//드롭젠 및 아이템드롭 확률																					
//이벤트아이템 드롭 확률은 EventItemDropRate/1000																					
//아이템드롭 확률은 ItemDropRate/100, ExItemDropRate/1000																					
1																					
//	EventName	DropZen	EventItemType	EventItemIndex	EventItemLevel	EventItemDropRate	ItemDropRate	ExItemDropRate													
	"none"	1000000	0	0	0	0	100	1													
end																					
																					
//skill, luck, addtoption 의 값이 1이면 랜덤으로 적용, 0이면 적용안함 																					
2												
//	type	index	minLevel	maxLevel	skill	luck	addoption	exitemflag
//
//	minlevel 을 확률 대용
// 드롭되지 않는 무기
	0	20	5	0	1	1	0	1	//나이트블레이드
	0	21	5	0	1	1	0	1	//데쓰블레이드
	3	12	5	0	1	1	0	1	//그레이트로드셉터
	4	20	5	0	1	1	0	1	//에로우바이퍼보우

// 희귀엑셀무기
	0	16	45	0	1	1	0	1	//파괴의검
	0	31	45	0	1	1	0	1	//데쓰브로드
	2	11	45	0	1	1	0	1	//로드셉터
	3	10	45	0	1	1	0	1	//드라곤스피어
	4	19	45	0	1	1	0	1	//그레이트레인석궁
	5	6	45	0	1	1	0	1	//부활의지팡이
	5	9	45	0	1	1	0	1	//드래곤소울지팡이

// 희귀일반무기
	5	11	50	0	1	1	0	0	//쿤둔의지팡이
	0	20	50	0	1	1	0	0	//나이트블레이드
	0	21	50	0	1	1	0	0	//데쓰블레이드
	3	12	50	0	1	1	0	0	//그레이트로드셉터
	4	20	50	0	1	1	0	0	//에로우바이퍼보우

// 희귀엑셀방어구
	7	21	45	0	0	1	0	1	//그레이트드라곤투구
	8	21	45	0	0	1	0	1	//그레이트드라곤갑옷
	9	21	45	0	0	1	0	1	//그레이트드라곤바지
	10	21	45	0	0	1	0	1	//그레이트드라곤장갑
	11	21	45	0	0	1	0	1	//그레이트드라곤부츠
	7	24	45	0	0	1	0	1	//레드스피릿헬멧
	8	24	45	0	0	1	0	1	//레드스피릿갑옷
	9	24	45	0	0	1	0	1	//레드스피릿바지
	10	24	45	0	0	1	0	1	//레드스피릿장갑
	11	24	45	0	0	1	0	1	//레드스피릿부츠
	7	22	45	0	0	1	0	1	//블랙소울헬멧
	8	22	45	0	0	1	0	1	//블랙소울갑옷
	9	22	45	0	0	1	0	1	//블랙소울바지
	10	22	45	0	0	1	0	1	//블랙소울장갑
	11	22	45	0	0	1	0	1	//블랙소울부츠
	7	28	45	0	0	1	0	1	//다크마스터마스크
	8	28	45	0	0	1	0	1	//다크마스터갑옷
	9	28	45	0	0	1	0	1	//다크마스터바지
	10	28	45	0	0	1	0	1	//다크마스터장갑
	11	28	45	0	0	1	0	1	//다크마스터부츠
	8	23	45	0	0	1	0	1	//아스릴갑옷
	9	23	45	0	0	1	0	1	//아스릴바지
	10	23	45	0	0	1	0	1	//아스릴장갑
	11	23	45	0	0	1	0	1	//아스릴부츠

// 희귀일반방어구	
	8	21	50	0	0	1	0	0	//그레이트드라곤갑옷
	8	24	50	0	0	1	0	0	//레드스피릿갑옷
	8	22	50	0	0	1	0	0	//블랙소울갑옷
	8	28	50	0	0	1	0	0	//다크마스터갑옷
	8	23	50	0	0	1	0	0	//아스릴갑옷
end
