////////////////////////////////////////////////////////////////////////////////																		
// Text Ver. 1.0.0.7
// Version 99z
// 18:30 2012-08-26
// Autor: Elion
////////////////////////////////////////////////////////////////////////////////																		

//GateNumber	Flag	MapNumber	x	y	x2	y2	Target gate	Dir	Level									
1	1	0	121	232	123	233	2	0	20									
2	2	1	107	247	110	247	0	1	20	//	로랜시아 -> 던전 1층			

3	1	1	108	248	109	248	4	0	0					
4	2	0	121	231	123	231	0	1	0	//	던전 1층 -> 로랜시아			

5	1	1	239	149	239	150	6	0	40					
6	2	1	231	126	234	127	0	1	40	//	던전 1층 -> 던전 2층			

7	1	1	232	127	233	128	8	0	40					
8	2	1	240	148	241	151	0	3	40	//	던전 2층 -> 던전 1층			

9	1	1	2	17	2	18	10	0	50					
10	2	1	3	83	4	86	0	3	50	//	던전 2층 -> 던전 3층			

11	1	1	2	84	2	85	12	0	50					
12	2	1	3	16	6	17	0	3	50	//	던전 3층 -> 던전 2층			

13	1	1	5	34	6	34	14	0	50					
14	2	1	29	125	30	126	0	1	50	//	던전 2층 -> 던전 3층			

15	1	1	29	127	30	127	16	0	50					
16	2	1	5	32	7	33	0	1	50	//	던전 3층 -> 던전 2층			

17	0	0	133	118	151	135	0	0	0	//	로랜시아 -> 마을(로렌시아)			

18	1	0	5	38	6	41	19	0	15					
19	2	2	242	34	243	37	0	7	15	//	로랜시아 -> 데비아스			

20	1	2	244	34	245	37	21	0	0					
21	2	0	7	38	8	41	0	3	0	//	데비아스 -> 로랜시아			

22	0	2	197	35	218	50	0	0	15	//	데비아스 -> 마을(데비아스)			

23	1	0	213	246	217	247	24	0	10					
24	2	3	148	5	155	6	0	5	10	//	로렌시아 -> 노리아			

25	1	3	148	3	155	4	26	0	10					
26	2	0	213	244	217	245	0	1	10	//	노리아 -> 로렌시아			

27	0	3	171	108	177	117	0	0	0	//	노리아 -> 마을(노리아)			

28	1	2	2	248	3	249	29	0	80					
29	2	4	162	2	166	3	0	5	80	//	데비아스 -> 로스트타워 1층			

30	1	4	190	6	191	8	31	0	80					
31	2	4	241	237	244	238	0	1	80	//	로스트타워 1층 -> 로스트타워2			

32	1	4	166	163	167	166	33	0	80					
33	2	4	86	166	87	168	0	3	80	//	로스트타워 2층 -> 로스트타워3			

34	1	4	132	245	135	246	35	0	80					
35	2	4	87	86	88	89	0	3	80	//	로스트타워 3층 -> 로스트타워 4층			

36	1	4	132	135	135	136	37	0	80					
37	2	4	128	53	131	54	0	1	80	//	로스트타워 4층 -> 로스트타워 5층			

38	1	4	131	15	132	18	39	0	80					
39	2	4	52	53	55	54	0	1	80	//	로스트타워 5층 -> 로스트타워 6층			

40	1	4	6	5	7	8	41	0	80					
41	2	4	8	85	9	87	0	1	80	//	로스트타워 6층 -> 로스트타워 7층			

42	0	4	203	70	213	81	0	0	80	//	로스트타워 1층(안전지대)			

43	1	4	162	0	166	1	44	0	15	//	로스트타워 1층 -> 데비아스			
44	2	2	2	246	3	247	0	2	15					

45	1	3	242	240	245	243	46	0	60					
46	2	7	14	12	15	13	0	3	60	//	노리아 -> 아틀란스			

47	1	7	9	9	11	12	48	0	60					
48	2	3	240	240	241	243	0	7	60	//	노리아 -> 아틀란스			

49	0	7	14	11	27	23	0	0	60	//	아틀란스(안전지대)			

50	0	6	61	117	65	120	0	0	0	//	축구입구			
51	0	6	59	153	59	153	0	0	0	//	Red  정렬 장소			
52	0	6	59	164	59	165	0	0	0	//	blue 정렬 장소			

//45	1	0	150	144	150	144	46	0	0					
//6	2	5	90	134	90	134	0	2	0	//	로렌시아 -> 쿤둔			

//47	1	5	91	133	91	133	48	0	0					
//48	2	0	149	144	149	144	0	2	0	//	쿤둔 -> 로렌시아			

53	1	7	14	225	15	230	54	0	130					
54	2	8	248	40	251	44	0	7	0	//	아틀란스 -> 타르칸			

55	1	8	246	40	247	44	56	0	130					
56	2	7	16	225	17	230	0	3	0	//	타르칸 -> 아틀란스			

57	0	8	187	54	203	69	0	0	60	//	타르칸(안전지대)			

//광장														
58	0	9	133	91	141	99	0	0	10					
59	0	9	135	162	142	170	0	0	10					
60	0	9	62	150	70	158	0	0	10					
61	0	9	66	84	74	92	0	0	10					

62	1	4	17	250	19	250	63	0	160					
63	2	10	14	13	16	13	0	5	160	//	로스트타워 8층 -> 이카루스			

64	1	10	14	12	16	12	65	0	80					
65	2	4	17	249	19	249	0	1	80	//	이카루스 -> 로스트타워 8층			

66	0	11	12	5	14	10	0	0	0	//	제 1 블러드 캐슬			
67	0	12	12	5	14	10	0	0	0	//	제 2 블러드 캐슬			
68	0	13	12	5	14	10	0	0	0	//	제 3 블러드 캐슬			
69	0	14	12	5	14	10	0	0	0	//	제 4 블러드 캐슬			
70	0	15	12	5	14	10	0	0	0	//	제 5 블러드 캐슬			
71	0	16	12	5	14	10	0	0	0	//	제 6 블러드 캐슬			
80	0	17	12	5	14	10	0	0	0	//	제 7 블러드 캐슬			

//확장_04년 4월 28일_카오스캐슬 이벤트											
82	0	18	31	88	36	95	0	0	0	//	제 1 카오스 캐슬
83	0	19	31	88	36	95	0	0	0	//	제 2 카오스 캐슬
84	0	20	31	88	36	95	0	0	0	//	제 3 카오스 캐슬
85	0	21	31	88	36	95	0	0	0	//	제 4 카오스 캐슬
86	0	22	31	88	36	95	0	0	0	//	제 5 카오스 캐슬
87	0	23	31	88	36	95	0	0	0	//	제 6 카오스 캐슬

//확장_04년 1월 13일											
72	0	2	23	27	27	24	0	0	50	//	데비아스2
73	0	2	224	231	227	227	0	0	50	//	데비아스3
74	0	2	69	181	72	178	0	0	50	//	데비아스4
75	0	7	225	53	228	50	0	0	60	//	아틀란스2
76	0	7	62	163	68	157	0	0	60	//	아틀란스3
77	0	8	96	143	100	146	0	0	130	//	타르칸2

//이벤트 황금의 궁수 지역으로 이동_2월 12일 ~ 3월 31일 까지만 적용											
//78	0	0	175	119	177	121	0	0	0	//	황금의 궁수


94	0       10      249	 1	248	 2	0	0	0	//	Icaurs 2
97	0	7	19	224	19	249	0	0	0	//	DarkSea
98  	0	6	73	160	73	156	0	0	0	//	Stadium
99	0	6	15	195	17	200	0	0	0	//	Arena2
100	0	6	225	31	230	36	0	0	0	//	SilentMap
101	0	6	141	72	145	75	0	0	0	//	Inferno


//칼리마											
88	0	24	13	17	17	23	0	0	0	//	제 1 칼리마
89	0	25	13	17	17	23	0	0	0	//	제 2 칼리마
90	0	26	13	17	17	23	0	0	0	//	제 3 칼리마
91	0	27	13	17	17	23	0	0	0	//	제 4 칼리마
92	0	28	13	17	17	23	0	0	0	//	제 5 칼리마
93	0	29	13	17	17	23	0	0	0	//	제 6 칼리마

103	1	6	220	99	221	100	104	0	200
104	2	6	139	72	130	73	0	1	200
105	1	6	139	72	130	73	106	0	0
106	2	6	220	99	221	100	0	1	0	

